=== Gradient Check: Epoch 0 ===
W_grad:
[[-1.06179787e-02 -2.89796739e-03  3.25747072e-03  1.29783144e-04
  -4.81850143e-04 -8.08835255e-03 -8.07556519e-03  3.05397677e-03
  -6.78918237e-04 -5.83638449e-03  2.82733338e-03  2.69660258e-03
   5.22815382e-03 -8.21548339e-03 -1.39601550e-02  3.68398592e-04
   2.32284001e-03 -9.32148613e-04 -1.41595632e-03 -1.87100326e-03
  -3.95473613e-03 -6.46843414e-03 -1.58601281e-03  6.76290337e-03
   4.02511807e-03  1.23622586e-02 -1.10128077e-03  8.52442569e-03
  -3.56534044e-03 -3.62242019e-03  1.75262181e-03 -4.02979331e-03
   6.76576823e-04 -8.44370411e-03 -4.21129068e-03 -1.02608672e-02
   5.69942760e-03 -4.44954772e-03 -3.56314187e-03 -2.05015593e-03
   1.11067874e-02 -7.96126471e-03  2.23015034e-03  8.89400836e-03
  -3.01704208e-03 -6.45614683e-04  5.05107263e-03 -1.17664615e-02
  -1.22640228e-02  3.07510987e-03 -6.29592428e-03 -5.82105105e-03
   6.62936168e-04 -1.03526267e-03 -1.75297418e-03  7.66010349e-03
   1.08924630e-02  4.67661912e-03 -6.99450085e-04 -9.11505238e-04
   5.55194438e-04  5.47177252e-03  3.71793214e-03  5.10512424e-03
   1.95713313e-03 -6.31991076e-03 -3.27453384e-03 -7.28815575e-03
  -2.77914594e-03  7.98193550e-03 -2.05022813e-03  2.96917107e-03
  -1.67521083e-03 -9.17966306e-03  4.90660517e-04  2.34042178e-03
   3.65794552e-03 -8.94752467e-03 -1.60687872e-03 -1.42664022e-03
   5.01893242e-03 -3.58080362e-03 -1.89533146e-03 -8.59650413e-04
  -3.64073969e-03 -5.05615284e-03 -2.91810765e-03 -7.59438813e-03
   1.14248322e-03  5.78963797e-03  2.61251046e-03 -1.20702068e-02
   2.28790764e-03 -6.32104394e-03 -1.15872395e-05 -3.20888812e-03
   6.08130782e-03 -6.00105380e-03  1.47680364e-03 -2.62052877e-04]
 [-6.33771381e-03  6.38947398e-03  2.65674857e-03 -4.42223650e-03
   3.56404750e-03 -6.06078789e-04 -5.37869054e-03  5.07943915e-03
   4.22315472e-03 -1.54746774e-03  8.79876298e-03 -2.64225340e-03
  -1.68665228e-03 -6.73463311e-03 -1.22453634e-02 -7.39199532e-03
   3.90559947e-03 -5.13758984e-03  2.40069566e-03 -3.23413979e-03
  -7.08632904e-03 -6.60488573e-03 -4.54606297e-03  2.94474478e-03
   2.33391085e-03 -6.09429047e-03 -1.49085429e-02 -9.44032491e-04
  -9.56722110e-04 -9.79567403e-03  3.32698014e-03 -4.34566960e-03
   3.94828232e-03 -2.55507042e-03 -2.58821573e-03  1.02600613e-02
  -1.07654196e-02 -2.41150427e-03  1.18535378e-02  1.42601723e-03
  -4.92615905e-03 -4.32611338e-03 -4.26021415e-03  1.21411640e-02
   1.09698551e-03 -8.90199980e-03  1.11291446e-04  1.03850270e-02
   1.11876561e-03  1.35886376e-03  1.29015436e-03 -1.67290623e-02
   2.87635031e-04  1.41890200e-03  2.47869212e-03  1.33754848e-03
  -1.90358006e-02 -8.87529310e-03 -3.64433721e-03  4.31736062e-03
   6.73719115e-03  9.43651778e-03  1.23346121e-03  5.77058677e-03
  -7.46671033e-03 -2.27589319e-03  3.32713273e-03  5.30374633e-03
  -1.21637818e-02  1.81773522e-02  1.28649795e-03  2.88833424e-03
  -4.82856586e-04 -3.82539962e-03 -8.26007178e-03 -1.34720971e-03
   2.71231117e-03 -6.83478609e-03  1.42677676e-03 -2.59159284e-03
  -3.12106710e-03 -3.05012079e-03  4.66633055e-03 -1.93178594e-03
  -1.02688552e-02  1.06349574e-02 -9.09655740e-03 -1.50901020e-02
   6.71545491e-03  9.16082110e-03  5.81936853e-03 -9.80731783e-04
  -2.12636425e-03  7.05569789e-05 -7.69749508e-04  2.51147882e-04
   7.11794685e-03 -2.66916022e-03 -1.14033615e-02  3.71277896e-03]]

b_grad:
[ 2.92545703e-02  3.27961254e-03  1.87490062e-03  7.24286547e-03
 -4.40922134e-03 -1.30752883e-02  6.81584252e-03 -6.73372802e-05
 -6.96717032e-03 -6.78899793e-03  1.89585254e-02  3.69206723e-03
 -2.22665623e-03 -1.28409835e-02 -1.90864983e-02  9.57675027e-03
  4.84599374e-03 -8.16005925e-03 -8.58918961e-04 -5.70227701e-03
 -1.29421193e-02 -1.33504801e-02 -4.61223324e-04  1.49500420e-02
  3.68839132e-03 -1.99970195e-02  2.14087896e-02  1.74810222e-02
 -5.64701858e-03  1.83838984e-02 -8.96452658e-03  1.40468976e-02
 -6.78363472e-03 -4.32771849e-03 -6.43137896e-03  2.18626619e-02
 -2.30948801e-02  1.40271074e-02 -9.95515021e-03  3.35062349e-03
 -1.22758516e-02 -5.96516036e-03  2.31586057e-03  1.29284076e-04
  5.58731945e-03 -5.77919263e-03 -3.95903343e-03  2.02617782e-02
  2.05909976e-02 -9.36459504e-03 -1.17714115e-02  5.61056812e-04
 -7.36341392e-04  2.12514151e-03 -3.14368727e-04 -1.38344687e-02
  1.97579168e-03 -2.36471606e-05  5.42552721e-03 -1.11256825e-03
  5.24190385e-03 -5.22634973e-03 -1.09064509e-02  6.48376930e-03
  1.47455594e-02  9.38107581e-03 -3.15982175e-03  3.45271808e-04
  2.07617594e-02 -1.28586993e-02  1.79119530e-03 -9.02942378e-03
  1.08626331e-03 -1.61661081e-02  5.87094325e-03 -3.90212076e-03
  6.14275724e-03 -1.45603794e-02 -3.41759985e-03 -6.21316943e-03
 -8.69278118e-03  1.02282715e-02  3.44115263e-03 -2.83089403e-03
  9.61412851e-03 -6.69748748e-03  1.57205450e-02  2.00393196e-02
  2.52645151e-03  2.18147528e-02  3.94629738e-03 -1.87924817e-02
 -5.17625907e-03 -4.71024035e-03  1.94604374e-04  1.71820622e-03
 -8.34135826e-03 -5.47632067e-03  1.32071052e-02 -5.52249855e-03]

A_grad:
[[-5.86565170e-03  9.83784100e-03 -3.97218930e-03]
 [-1.46683333e-03  4.07291099e-03 -2.60607766e-03]
 [-9.28521177e-04 -2.03078290e-03  2.95930407e-03]
 [-6.10665901e-04 -1.88745646e-03  2.49812236e-03]
 [-2.22170489e-03  2.54975573e-03 -3.28050840e-04]
 [ 1.90426304e-03 -3.12922120e-03  1.22495816e-03]
 [-6.66472433e-03  2.97947158e-03  3.68525275e-03]
 [ 9.85943359e-04  2.02964004e-03 -3.01558340e-03]
 [-2.76827592e-04 -2.11938000e-03  2.39620759e-03]
 [ 2.23848399e-03 -1.50161542e-03 -7.36868562e-04]
 [ 2.91926103e-03 -2.24937977e-03 -6.69881260e-04]
 [-6.85283235e-03  3.84585025e-03  3.00698210e-03]
 [-8.96102450e-03  7.06380314e-03  1.89722136e-03]
 [ 3.11944879e-03 -8.65602244e-03  5.53657365e-03]
 [-4.98442435e-04 -5.31479944e-03  5.81324188e-03]
 [-3.82162715e-03  4.19305287e-03 -3.71425715e-04]
 [ 4.20448595e-03 -9.33401029e-03  5.12952435e-03]
 [ 1.35471230e-03  2.74251642e-04 -1.62896395e-03]
 [ 3.45460637e-03 -6.32045857e-03  2.86585220e-03]
 [ 6.43414253e-04  3.99547413e-05 -6.83368994e-04]
 [ 6.78658801e-03 -9.16845352e-03  2.38186551e-03]
 [ 4.98997047e-03 -9.85092985e-03  4.86095939e-03]
 [ 1.09600880e-03  3.02874256e-03 -4.12475136e-03]
 [ 5.95955419e-04 -1.09891445e-02  1.03931891e-02]
 [ 5.40188858e-03 -1.63320441e-04 -5.23856814e-03]
 [ 8.25868844e-03 -2.38479157e-03 -5.87389688e-03]
 [-6.02583434e-03  2.68331332e-03  3.34252101e-03]
 [ 1.27861666e-03 -5.82153411e-03  4.54291745e-03]
 [ 2.65796636e-03 -6.98460606e-03  4.32663970e-03]
 [-9.93854402e-03  8.90283651e-03  1.03570751e-03]
 [-5.94196842e-03  6.66812844e-03 -7.26160027e-04]
 [-7.94957989e-03  1.23966205e-02 -4.44704056e-03]
 [-1.49430071e-03  1.40657580e-03  8.77249136e-05]
 [ 4.47693026e-03 -1.15131535e-03 -3.32561491e-03]
 [ 3.64055013e-03 -1.02479516e-02  6.60740144e-03]
 [ 7.18843939e-04  5.37679579e-05 -7.72611897e-04]
 [ 7.65462054e-03 -4.29289952e-03 -3.36172102e-03]
 [-6.17059311e-03  8.08283806e-03 -1.91224495e-03]
 [-9.34831683e-03  9.00646566e-03  3.41851174e-04]
 [ 1.33316214e-03  1.58452134e-03 -2.91768348e-03]
 [ 3.90293579e-03  4.20828900e-04 -4.32376469e-03]
 [-4.37216335e-04 -4.68952986e-04  9.06169321e-04]
 [-1.09217054e-02  1.13641352e-02 -4.42429849e-04]
 [ 1.00252297e-03  1.59971966e-03 -2.60224263e-03]
 [-5.37502962e-03  7.82769939e-03 -2.45266977e-03]
 [ 1.89700616e-03 -3.77791815e-03  1.88091200e-03]
 [ 5.67987734e-03  1.93264631e-03 -7.61252365e-03]
 [-7.91253880e-04  7.48676511e-03 -6.69551123e-03]
 [-5.78635515e-04  3.98258620e-03 -3.40395069e-03]
 [-4.82240406e-03  6.16402591e-03 -1.34162185e-03]
 [-6.49866309e-04 -4.74397839e-04  1.12426415e-03]
 [ 1.28984377e-03 -9.17336290e-03  7.88351914e-03]
 [-5.95215891e-03  3.65005593e-03  2.30210298e-03]
 [ 2.08331228e-03 -1.57597160e-03 -5.07340681e-04]
 [-2.63076943e-03  2.99936903e-03 -3.68599602e-04]
 [-1.18706331e-03  5.91197052e-03 -4.72490721e-03]
 [-4.95624890e-04  6.19249181e-04 -1.23624292e-04]
 [-4.50202877e-03  6.11782594e-03 -1.61579717e-03]
 [-3.25421644e-03  2.48127121e-03  7.72945227e-04]
 [-3.84413839e-03  7.65075147e-03 -3.80661307e-03]
 [ 5.78411668e-03 -1.04493234e-02  4.66520675e-03]
 [-1.82025881e-03 -4.29559081e-03  6.11584962e-03]
 [-3.27294109e-03  4.03483667e-03 -7.61895580e-04]
 [ 2.04518145e-04 -2.25733807e-03  2.05281992e-03]
 [-1.32429926e-03 -1.21178167e-03  2.53608094e-03]
 [ 1.95188534e-05  1.91485750e-03 -1.93437635e-03]
 [ 1.72465399e-03 -3.50933756e-03  1.78468357e-03]
 [ 2.53529775e-03 -3.27298468e-03  7.37686927e-04]
 [-2.86353447e-03  2.85751911e-03  6.01536196e-06]
 [-7.39106849e-04  4.39178218e-03 -3.65267533e-03]
 [-1.43762799e-03  1.52307353e-03 -8.54455391e-05]
 [-1.25423830e-02  1.22723669e-02  2.70016119e-04]
 [-9.21462306e-03  5.26111923e-03  3.95350382e-03]
 [ 3.21601596e-03 -9.58954422e-03  6.37352825e-03]
 [ 2.71483531e-03 -1.46874853e-02  1.19726500e-02]
 [ 9.47738107e-04  2.90638071e-03 -3.85411882e-03]
 [ 8.00158304e-04 -5.48509343e-03  4.68493512e-03]
 [ 7.81899732e-04 -2.05323619e-03  1.27133646e-03]
 [ 7.21027603e-03 -2.17037088e-02  1.44934327e-02]
 [ 6.07549003e-03 -2.38957929e-03 -3.68591074e-03]
 [ 1.75778046e-03  2.56233285e-03 -4.32011330e-03]
 [-3.23051189e-03  6.02349647e-03 -2.79298458e-03]
 [-2.15224790e-03  1.21823606e-02 -1.00301127e-02]
 [ 2.32510704e-03  4.35857078e-04 -2.76096412e-03]
 [-1.69563957e-03  5.23492597e-03 -3.53928641e-03]
 [-7.47916108e-03  7.84347392e-03 -3.64312834e-04]
 [-3.77097608e-03  2.99242393e-03  7.78552152e-04]
 [-7.17027407e-03  1.36887127e-03  5.80140281e-03]
 [ 4.29725327e-03 -1.09650197e-02  6.66776648e-03]
 [ 4.57472341e-03 -2.01974952e-03 -2.55497390e-03]
 [ 2.52601097e-03  2.16243103e-03 -4.68844201e-03]
 [ 4.22031483e-03 -8.26643993e-03  4.04612510e-03]
 [ 4.14211138e-03  2.78194329e-03 -6.92405467e-03]
 [-6.08761459e-03  1.78430459e-04  5.90918413e-03]
 [ 3.47389456e-03 -1.10680466e-02  7.59415205e-03]
 [ 3.21878853e-03 -9.60454560e-04 -2.25833397e-03]
 [-4.07052322e-04  8.61225445e-03 -8.20520213e-03]
 [-2.46680367e-03 -2.55424252e-03  5.02104619e-03]
 [-4.15153804e-03  5.02605087e-03 -8.74512832e-04]
 [-8.36397169e-03  5.02866808e-03  3.33530361e-03]]


==================================================

=== Gradient Check: Epoch 1 ===
W_grad:
[[-1.05446314e-02 -2.86060259e-03  3.22324233e-03  9.60125058e-05
  -5.31422756e-04 -8.16271698e-03 -8.03682066e-03  3.04799241e-03
  -6.82655500e-04 -5.89259184e-03  2.86220691e-03  2.77692737e-03
   5.19739177e-03 -8.12422608e-03 -1.39667039e-02  3.93048752e-04
   2.32876672e-03 -9.36362263e-04 -1.43939155e-03 -1.97442710e-03
  -3.76344144e-03 -6.45445741e-03 -1.54715271e-03  6.70651935e-03
   4.06007054e-03  1.24951336e-02 -1.16812619e-03  8.23518815e-03
  -3.60916635e-03 -3.69458326e-03  1.73425972e-03 -3.82978065e-03
   7.35775444e-04 -8.77787232e-03 -4.26322985e-03 -1.17049434e-02
   6.15004640e-03 -4.47983806e-03 -3.57709595e-03 -2.01944650e-03
   1.12135217e-02 -7.94691621e-03  2.21767944e-03  8.94465519e-03
  -3.00428715e-03 -6.39999999e-04  5.09281096e-03 -1.17167379e-02
  -1.22539915e-02  3.04740199e-03 -6.25523938e-03 -5.85892582e-03
   6.58129474e-04 -1.02098009e-03 -1.74551468e-03  7.57418341e-03
   1.07688248e-02  4.66391253e-03 -7.02015465e-04 -8.83108470e-04
   6.33335522e-04  5.40867823e-03  3.77205314e-03  5.12325778e-03
   1.86048163e-03 -6.27512397e-03 -3.26539213e-03 -7.26142028e-03
  -2.66346070e-03  7.83574940e-03 -1.99700085e-03  2.92691381e-03
  -1.66916962e-03 -8.99625282e-03  4.02970491e-04  2.35966335e-03
   3.60653475e-03 -8.23561006e-03 -1.72289091e-03 -1.37850591e-03
   5.02523047e-03 -3.61789088e-03 -1.78434948e-03 -8.31548693e-04
  -3.65505055e-03 -5.04956116e-03 -3.23986577e-03 -7.41371512e-03
   1.07533178e-03  5.70927560e-03  2.63790920e-03 -1.19836216e-02
   2.33484012e-03 -6.32618099e-03 -7.87008133e-05 -3.17648935e-03
   6.03556111e-03 -6.00016063e-03  1.45703495e-03 -2.58767787e-04]
 [-6.19090032e-03  6.37797315e-03  2.62856040e-03 -4.28521386e-03
   3.57321135e-03 -6.00584983e-04 -5.27352278e-03  5.10756422e-03
   4.15662067e-03 -1.57321535e-03  8.73976319e-03 -2.48238011e-03
  -1.61237383e-03 -6.82527130e-03 -1.20644980e-02 -7.32030989e-03
   3.79789694e-03 -5.23776650e-03  2.35061585e-03 -3.45484312e-03
  -7.12822341e-03 -6.65068936e-03 -4.50851936e-03  2.73311890e-03
   2.30502988e-03 -5.98948663e-03 -1.48588944e-02 -7.27632125e-04
  -9.84322595e-04 -9.67779896e-03  3.36867129e-03 -4.26762393e-03
   3.95910164e-03 -2.92080564e-03 -2.63594097e-03  7.00766128e-03
  -1.05224675e-02 -2.29288487e-03  1.18993457e-02  1.42231547e-03
  -4.71921725e-03 -4.59425679e-03 -4.12656482e-03  1.16659260e-02
   1.17399792e-03 -8.89905390e-03  8.79339774e-05  1.04728833e-02
   1.28015070e-03  1.40262298e-03  1.31152689e-03 -1.67282805e-02
   3.37514423e-04  1.40187238e-03  2.50119998e-03  1.43390119e-03
  -1.90115219e-02 -8.78203547e-03 -3.59974135e-03  4.34936987e-03
   6.60539103e-03  9.45783681e-03  1.24416694e-03  5.62371201e-03
  -7.82192533e-03 -2.24484565e-03  3.28968589e-03  5.26484915e-03
  -1.20944905e-02  1.82109312e-02  1.30817698e-03  2.99024745e-03
  -3.93911254e-04 -4.01246043e-03 -8.34719174e-03 -1.33641371e-03
   2.65765420e-03 -7.18006292e-03  1.27540413e-03 -2.59413168e-03
  -3.06846772e-03 -2.92990259e-03  4.66330243e-03 -1.92163254e-03
  -1.01044116e-02  1.06780459e-02 -9.18663872e-03 -1.46615064e-02
   6.61870814e-03  9.01654774e-03  5.77304222e-03 -1.05008716e-03
  -2.11989040e-03  8.26672311e-05 -8.41153306e-04  2.40022689e-04
   7.22190837e-03 -2.66605986e-03 -1.13043020e-02  3.77507912e-03]]

b_grad:
[ 2.83799705e-02  3.01300831e-03  1.79187796e-03  6.48001072e-03
 -4.52045490e-03 -1.26209217e-02  6.74316080e-03 -5.90706933e-04
 -6.67729206e-03 -7.61918593e-03  1.75977819e-02  3.17844471e-03
 -2.37211374e-03 -1.29231626e-02 -1.93328355e-02  1.12319646e-02
  4.88104423e-03 -6.46154202e-03 -8.47638409e-04 -4.94086944e-03
 -1.22904618e-02 -1.33528834e-02 -5.38576101e-04  1.49220051e-02
  3.47190595e-03 -2.01950180e-02  2.08443292e-02  1.91397242e-02
 -5.59678605e-03  2.01788821e-02 -9.00669720e-03  1.27638984e-02
 -6.30717601e-03 -5.11036887e-03 -6.48750501e-03  2.60867730e-02
 -2.39421177e-02  1.34132076e-02 -9.72417549e-03  3.31064753e-03
 -1.00987425e-02 -7.54460566e-03  2.11034967e-03 -4.21522235e-04
  5.31555576e-03 -6.32584405e-03 -3.99302433e-03  1.94756550e-02
  2.01072583e-02 -9.40678360e-03 -1.31711422e-02  5.78508566e-04
 -7.88223840e-04  2.03641993e-03 -2.46881618e-04 -1.47574969e-02
  2.40123812e-03 -1.49112461e-04  5.76668301e-03 -1.17145192e-03
  4.71025391e-03 -5.52981790e-03 -1.08596589e-02  6.66508364e-03
  1.33473866e-02  9.44730245e-03 -2.81269809e-03  2.66899755e-04
  2.51440558e-02 -1.56325782e-02  1.65052275e-03 -8.98575363e-03
  9.69721236e-04 -1.45214957e-02  5.86676830e-03 -3.82564992e-03
  5.99855656e-03 -1.53544727e-02 -3.49558856e-03 -6.69776779e-03
 -8.71569465e-03  1.00666230e-02  3.21218650e-03 -2.73225990e-03
  8.77384766e-03 -6.52149182e-03  1.57720393e-02  1.86716203e-02
  2.29561997e-03  2.11315789e-02  3.93963255e-03 -1.76467838e-02
 -4.96982148e-03 -5.24621875e-03  8.23424785e-05  1.70025241e-03
 -8.90642175e-03 -5.76739405e-03  1.40598827e-02 -5.53108925e-03]

A_grad:
[[-5.86742808e-03  9.49625904e-03 -3.62883096e-03]
 [-1.51472104e-03  4.05644259e-03 -2.54172155e-03]
 [-9.11378697e-04 -2.00664558e-03  2.91802427e-03]
 [-5.35945034e-04 -1.92373214e-03  2.45967717e-03]
 [-2.24443429e-03  2.59993889e-03 -3.55504606e-04]
 [ 1.89875714e-03 -3.27236393e-03  1.37360679e-03]
 [-6.55623263e-03  2.84395924e-03  3.71227340e-03]
 [ 9.66908784e-04  2.04754042e-03 -3.01444921e-03]
 [-3.42761648e-04 -2.07820755e-03  2.42096920e-03]
 [ 2.25129569e-03 -1.58299269e-03 -6.68302999e-04]
 [ 2.80083176e-03 -2.01652589e-03 -7.84305869e-04]
 [-6.77691602e-03  3.77692045e-03  2.99999557e-03]
 [-8.92571636e-03  7.04603399e-03  1.87968237e-03]
 [ 3.09633171e-03 -8.75305115e-03  5.65671943e-03]
 [-5.99140462e-04 -5.38996829e-03  5.98910875e-03]
 [-3.73383329e-03  4.02439633e-03 -2.90563038e-04]
 [ 4.18834335e-03 -9.22870915e-03  5.04036581e-03]
 [ 1.42754210e-03  2.12657154e-04 -1.64019926e-03]
 [ 3.43360110e-03 -6.29276273e-03  2.85916163e-03]
 [ 6.88378172e-04 -1.28501440e-05 -6.75528028e-04]
 [ 6.81098616e-03 -9.28537562e-03  2.47438946e-03]
 [ 4.98681606e-03 -9.96804759e-03  4.98123153e-03]
 [ 1.11454335e-03  2.98928841e-03 -4.10383176e-03]
 [ 6.98474683e-04 -1.08889141e-02  1.01904394e-02]
 [ 5.35768173e-03 -1.11721858e-04 -5.24595988e-03]
 [ 8.45665421e-03 -2.54965829e-03 -5.90699592e-03]
 [-5.74882608e-03  2.38681984e-03  3.36200624e-03]
 [ 1.37021243e-03 -5.70842079e-03  4.33820836e-03]
 [ 2.63873943e-03 -7.00554132e-03  4.36680189e-03]
 [-9.75621075e-03  8.57169639e-03  1.18451437e-03]
 [-5.95727885e-03  6.74069235e-03 -7.83413506e-04]
 [-7.91612090e-03  1.21721595e-02 -4.25603863e-03]
 [-1.53794002e-03  1.49139028e-03  4.65497475e-05]
 [ 4.47303793e-03 -1.21236898e-03 -3.26066895e-03]
 [ 3.62167300e-03 -1.02669784e-02  6.64530543e-03]
 [ 4.46191734e-04  1.83179015e-04 -6.29370749e-04]
 [ 7.81665572e-03 -4.52221797e-03 -3.29443775e-03]
 [-6.13741778e-03  7.87061201e-03 -1.73319423e-03]
 [-9.41949922e-03  9.11670603e-03  3.02793193e-04]
 [ 1.28986067e-03  1.58444969e-03 -2.87431036e-03]
 [ 4.02905964e-03  3.55709182e-04 -4.38476882e-03]
 [-4.80567228e-04 -4.85149790e-04  9.65717017e-04]
 [-1.08436408e-02  1.12470854e-02 -4.03444640e-04]
 [ 9.64221833e-04  1.66510153e-03 -2.62932336e-03]
 [-5.36715709e-03  7.72840690e-03 -2.36124980e-03]
 [ 1.91927536e-03 -3.84809658e-03  1.92882123e-03]
 [ 5.70583223e-03  1.92386127e-03 -7.62969349e-03]
 [-9.73915308e-04  7.39408802e-03 -6.42017271e-03]
 [-7.11970689e-04  3.85777049e-03 -3.14579980e-03]
 [-4.80551236e-03  6.23264520e-03 -1.42713284e-03]
 [-7.71911487e-04 -4.20145949e-04  1.19205744e-03]
 [ 1.34226323e-03 -9.23684429e-03  7.89458105e-03]
 [-5.93377604e-03  3.63717046e-03  2.29660558e-03]
 [ 2.05753941e-03 -1.54279455e-03 -5.14744861e-04]
 [-2.63782439e-03  2.99607513e-03 -3.58250736e-04]
 [-1.09832079e-03  5.95228154e-03 -4.85396075e-03]
 [-3.66892530e-04  5.03224790e-04 -1.36332259e-04]
 [-4.42517942e-03  6.03430309e-03 -1.60912367e-03]
 [-3.18435130e-03  2.38277525e-03  8.01576049e-04]
 [-3.84895277e-03  7.62945701e-03 -3.78050423e-03]
 [ 5.74488049e-03 -1.03226689e-02  4.57778837e-03]
 [-1.87507022e-03 -4.19357401e-03  6.06864423e-03]
 [-3.26445521e-03  4.13730785e-03 -8.72852637e-04]
 [ 2.30160295e-04 -2.19247880e-03  1.96231851e-03]
 [-1.16066186e-03 -1.31277626e-03  2.47343812e-03]
 [-3.80623184e-05  1.85339168e-03 -1.81532936e-03]
 [ 1.70375109e-03 -3.51737568e-03  1.81362458e-03]
 [ 2.49413690e-03 -3.26070476e-03  7.66567863e-04]
 [-2.68212243e-03  2.51983351e-03  1.62288922e-04]
 [-7.37664112e-04  4.51533432e-03 -3.77767021e-03]
 [-1.43509671e-03  1.49863315e-03 -6.35364439e-05]
 [-1.25409450e-02  1.23114967e-02  2.29448299e-04]
 [-9.16345213e-03  5.20854715e-03  3.95490498e-03]
 [ 3.17376039e-03 -9.68764042e-03  6.51388003e-03]
 [ 2.77512960e-03 -1.46511666e-02  1.18760370e-02]
 [ 9.84724081e-04  2.89348196e-03 -3.87820604e-03]
 [ 8.30491370e-04 -5.42416097e-03  4.59366960e-03]
 [ 7.70047193e-04 -2.19903403e-03  1.42898683e-03]
 [ 7.18137729e-03 -2.16284820e-02  1.44471047e-02]
 [ 6.10017979e-03 -2.44316815e-03 -3.65701164e-03]
 [ 1.84886667e-03  2.53654933e-03 -4.38541600e-03]
 [-3.23083224e-03  5.89168008e-03 -2.66084784e-03]
 [-2.18455713e-03  1.21092804e-02 -9.92472328e-03]
 [ 2.34359672e-03  4.11069616e-04 -2.75466634e-03]
 [-1.67927281e-03  5.09870334e-03 -3.41943053e-03]
 [-7.53949190e-03  7.91880962e-03 -3.79317717e-04]
 [-3.60541426e-03  2.73895706e-03  8.66457196e-04]
 [-6.92244611e-03  1.08825478e-03  5.83419133e-03]
 [ 4.27095934e-03 -1.08663880e-02  6.59542863e-03]
 [ 4.39072144e-03 -1.75953551e-03 -2.63118593e-03]
 [ 2.46270479e-03  2.19665839e-03 -4.65936318e-03]
 [ 4.19509131e-03 -8.43460809e-03  4.23951678e-03]
 [ 4.18704952e-03  2.75113309e-03 -6.93818261e-03]
 [-6.10513497e-03  1.92880359e-04  5.91225461e-03]
 [ 3.47090959e-03 -1.10228497e-02  7.55194007e-03]
 [ 3.17912593e-03 -9.43184652e-04 -2.23594127e-03]
 [-3.75390619e-04  8.62845048e-03 -8.25305986e-03]
 [-2.49893240e-03 -2.54674501e-03  5.04567741e-03]
 [-4.05156912e-03  4.79218077e-03 -7.40611647e-04]
 [-8.39442672e-03  5.07293800e-03  3.32148872e-03]]


==================================================

